time =              0.00000 ps                                                  
       1       0             0.00000             0.00000             0.00000
       1       1            -5.87945            39.07906            12.68363
       1       2            -7.17968            35.88526             9.96497
       1       3            -7.38479            35.97857             6.11283
       1       4            -5.74141            34.57992             2.97529
       1       5            -5.78966            33.01618            -0.32211
       1       6            -4.98223            29.85747            -2.29998
       1       7            -1.82940            30.87993            -3.28133
       1       8            -1.10726            29.21977            -6.50762
       1       9            -2.74816            29.81682            -9.52035
       1      10            -2.67772            28.12621           -12.45333
       1      11            -6.09881            26.65223           -13.45031
       1      12            -4.09194            23.31189           -13.10564
       1      13            -6.12630            21.08866           -11.31759
       1      14            -8.98366            22.37397           -13.25591
       1      15            -9.40917            18.94376           -11.78323
       1      16            -8.21404            16.66746            -9.07128
       1      17           -10.09960            14.53401            -6.42153
       1      18           -12.22686            15.43266            -3.63641
       1      19           -12.35262            14.37014             0.23902
       1      20           -10.48321            10.95809             0.17115
       1      21            -8.77880            10.25777             3.38541
       1      22            -5.38469            11.41873             2.23875
       1      23            -3.21309             8.74173             3.17866
       1      24            -2.76400             5.82488             1.26704
       1      25            -3.08352             4.97687            -2.36922
       1      26            -6.44399             4.94015            -4.29156
       1      27            -7.89049             1.38242            -4.42672
       1      28            -8.42186             1.09140            -0.62090
       1      29            -9.17623            -1.72719             2.35355
       1      30           -11.18883            -1.56425             5.50837
       1      31            -7.69231            -1.31886             7.79527
       1      32            -9.04870             2.09886             9.54719
       1      33            -7.54378            -0.63310            11.68830
       1      34            -4.36358             1.18592            12.24247
       1      35            -1.74199             1.29248            15.05454
       1      36             1.46336            -1.20313            14.80341
       1      37             2.24864            -4.92384            15.78446
       1      38             2.07261            -7.94585            13.47242
       1      39             0.24317            -5.71022            10.50102
       1      40            -1.96355            -7.17069             7.74818
       1      41            -5.80633            -8.13096             7.80170
       1      42            -8.90270           -10.59822             6.96684
       1      43           -12.29970           -10.68903             8.82325
       1      44           -14.28508           -14.00353             7.63868
       1      45           -11.43972           -16.63278             6.82755
       1      46           -10.16457           -16.40019             3.35203
       1      47            -7.46428           -17.45474             0.44547
       1      48            -5.18996           -20.41341            -0.29977
       1      49            -1.27807           -20.23653             0.17881
       1      50             1.08399           -18.07296             1.89310
       1      51             3.72816           -18.99177             3.94822
       1      52             7.26350           -19.22718             2.53227
       1      53            10.41661           -21.88633             3.16032
       1      54            13.65855           -20.82716             1.48212
       1      55            13.33256           -17.29554            -0.26607
       1      56            16.52137           -16.66555             1.81696
       1      57            18.17094           -16.03273            -1.60339
       1      58            17.90388           -17.15320            -5.21761
       1      59            19.45390           -20.10164            -7.03866
       1      60            21.04661           -21.72593           -10.04607
       1      61            18.37364           -23.85347           -11.48196
       1      62            17.01249           -27.48535           -10.08602
       1      63            20.37937           -27.96870            -8.55947
       1      64            23.04603           -27.58786           -10.91027
       1      65            25.62150           -30.19607           -11.79659
       1      66            27.92234           -27.89714            -9.64703
       1      67            27.97233           -24.25844           -10.49548
