time =              0.00000 ps
       1       0             4.99426           -21.34004            12.26017
       1       1            11.91200           -37.06600             4.59800
       1       2            10.76400           -33.73900             6.03800
       1       3             7.84500           -32.22400             7.93400
       1       4             7.39400           -28.74400             6.50500
       1       5             3.79800           -27.83800             7.30600
       1       6             1.61900           -27.91800            10.39300
       1       7            -1.97500           -27.64300             9.14700
       1       8            -3.14400           -29.18800            12.42900
       1       9            -1.98400           -26.00800            14.14300
       1      10            -4.45400           -23.42900            12.78300
       1      11            -6.29300           -21.95600            15.77200
       1      12            -3.89600           -23.07900            18.50600
       1      13            -1.87900           -20.77300            20.76000
       1      14             1.71700           -19.83500            20.00300
       1      15             2.70100           -21.66400            23.22200
       1      16             0.99500           -24.86700            22.10800
       1      17             2.30100           -24.45000            18.52800
       1      18             5.96200           -23.95100            19.58200
       1      19             5.84500           -27.16800            21.58400
       1      20             4.60400           -29.21900            18.61500
       1      21             6.95000           -27.73900            16.03200
       1      22             9.98200           -28.21700            18.29300
       1      23             8.89100           -31.82500            18.77400
       1      24             8.92900           -32.38300            14.99900
       1      25            11.76200           -29.98800            14.11500
       1      26            14.18300           -29.65400            17.03300
       1      27            16.35400           -27.12900            15.13100
       1      28            13.48000           -24.81000            14.16000
       1      29            13.93400           -21.07900            14.63000
       1      30            10.40600           -19.87500            15.48100
       1      31             9.35000           -16.42900            14.24800
       1      32             6.02100           -14.88300            15.31500
       1      33             4.43400           -12.28600            13.00600
       1      34             0.98800           -10.67900            12.71700
       1      35            -1.16200           -11.85200             9.75200
       1      36            -0.75000            -9.52200             6.75900
       1      37             3.02600            -9.02400             7.22100
       1      38             5.13900            -8.81900             4.06400
       1      39             8.37900           -10.77400             4.49100
       1      40            11.67300           -10.82600             2.57000
       1      41            11.79000           -13.42300            -0.23100
       1      42            14.63000           -15.34800             1.47300
       1      43            14.25100           -19.11600             2.03000
       1      44            15.53900           -20.64400             5.29900
       1      45            15.19400           -24.35700             6.00300
       1      46            15.50000           -24.05100             9.80900
       1      47            12.91800           -21.30900            10.14100
       1      48             9.24000           -21.55500            11.07900
       1      49             7.13000           -18.38900            10.85300
       1      50             3.88100           -18.32600            12.86400
       1      51             1.25400           -15.87100            11.53200
       1      52            -0.89300           -14.80700            14.48000
       1      53            -4.23800           -13.10700            15.07900
       1      54            -5.09700           -10.43800            17.68000
       1      55            -5.20100           -13.05500            20.43700
       1      56            -1.95400           -14.75400            19.38600
       1      57            -3.59800           -17.86300            17.85400
       1      58            -2.18500           -19.43300            14.66700
       1      59            -4.21400           -17.96700            11.80900
       1      60            -2.59700           -19.76300             8.85700
       1      61            -0.84900           -23.11100             8.36200
       1      62             2.71400           -22.87100             9.68700
       1      63             5.39500           -23.82300             7.12900
       1      64             9.19000           -23.99600             6.82800
       1      65            11.02600           -21.17400             5.05700
